time,x,y,z,phi,theta,psi,x_velocity,y_velocity,z_velocity,phi_velocity,theta_velocity,psi_velocity,rotor_speed1,rotor_speed2,rotor_speed3,rotor_speed4
0.06,-4.21382399807e-07,6.76785287131e-07,10.0055314854,0.00049377038033,0.000339255333815,0.0,-3.56367452164e-05,5.50418603908e-05,0.18437033702,0.021010349726,0.0150705847126,0.0,462.9110828710253,464.0951907225018,461.46095249258275,463.11611447270815
0.12000000000000001,-1.58985431344e-05,2.2896287671e-05,10.025030879,0.0016847409408,0.00134786452556,0.0,-0.000603728544644,0.000843628686955,0.465536958265,0.0174206296513,0.0200800043677,0.0,490.65115605918993,491.0227485064607,491.48589866841917,491.2197457716501
0.18,-8.0857562379e-05,0.000107581722789,10.0534855611,0.00250637781779,0.00275354338507,0.0,-0.00167939245873,0.00206417152976,0.482944707608,0.00494352518671,0.0293994278837,0.0,409.7891681234241,410.61672676410615,410.53916443346213,409.43067009203105
0.23999999999999996,-0.000240814536825,0.000280611900486,10.0840356422,0.00253095489545,0.00444848357833,0.0,-0.00381676883011,0.00372062579038,0.535367236758,-0.0106975822352,0.0258431467687,0.0,422.0462950207348,421.7395499105059,422.3659490017892,421.01503924518437
0.3,-0.000562485926701,0.000550966888898,10.118014607,0.00194690435313,0.00625388481964,0.0,-0.00706824360986,0.00523212830421,0.597233511872,-0.00787380542227,0.037458167984,0.0,423.4681407495929,424.4662725906613,425.79585550357064,426.0374426226152
0.36000000000000004,-0.00110916917477,0.000899264480245,10.1545799727,0.00167612750276,0.0082228309812,0.0,-0.0113478469245,0.0063446794462,0.621597568694,0.00147994424151,0.021378458351,0.0,413.6457623232489,412.2280033816851,411.827653298713,412.65413356229686
0.4200000000000001,-0.00195191557691,0.0013122574582,10.193357529,0.00158683704042,0.00919080488141,0.0,-0.0168525630471,0.00742241807702,0.670958636917,-0.00820680755223,0.00275076276624,0.0,421.9158442444866,420.3046899586965,421.2007812182627,420.3623574319065
0.48000000000000015,-0.00319298522152,0.00179482947858,10.240773103,0.000654365103354,0.0100229731774,0.0,-0.0245835982044,0.0085844014871,0.909400730306,-0.037226772471,0.0299443300236,0.0,478.0795272432222,480.14667010002927,480.62722395488976,478.42308746165065
0.5400000000000001,-0.00490223138465,0.00231534078326,10.3002451923,6.28162282288,0.0122339291483,0.0,-0.0326160789361,0.00851806035658,1.07286033683,-0.0363948238232,0.0479536308568,0.0,456.6582511153512,458.0929468875239,457.5012396823445,457.56687640240114
0.6000000000000002,-0.0071196875215,0.00278628174838,10.3673210469,6.27922859025,0.0155444106363,0.0,-0.0416119964875,0.00695118447133,1.16290900678,-0.048052389361,0.0666873194545,0.0,434.10012502840885,435.6711657339539,435.4427563496258,434.4656762262596
0.6600000000000003,-0.0099687152805,0.00310672007035,10.441073364,6.27677407117,0.0193714964105,0.0,-0.0537721758134,0.00344878969254,1.29535188734,-0.0294945797714,0.0572386565408,0.0,448.8410780787296,448.07658810570445,447.7187478989063,449.22497220416085
0.7200000000000003,-0.0137238502836,0.00313550436861,10.5275642649,6.27495244018,0.0227423521236,0.0,-0.0718357119612,-0.00272089579355,1.58730841267,-0.0321508880204,0.0539777300455,0.0,496.08002363826216,495.8423305776996,495.6429948534471,495.4475561785952
0.7800000000000004,-0.018600255028,0.00276388831728,10.6294001566,6.27301934248,0.0258706538042,0.0,-0.0910850914165,-0.00989457059012,1.8068886105,-0.0323534251745,0.0481810273564,0.0,476.1611647080586,475.7191031218711,475.684517907014,475.6686987543879
0.8400000000000004,-0.0245888339698,0.00196151986495,10.7399739863,6.2708735368,0.0285414476152,0.0,-0.108804622585,-0.0170486114891,1.87877958038,-0.0436440007916,0.0359292175532,0.0,431.687683849355,430.65385496837473,431.72386906400646,430.7695918259531
0.9000000000000005,-0.031887857268,0.00059865013683,10.8616623931,6.26870820858,0.030647838064,0.0,-0.13476129678,-0.0286835341559,2.17696822829,-0.0241486447306,0.0334084934487,0.0,499.5683112391842,499.3848699476055,498.2037295127814,499.6265137978111
0.9600000000000005,-0.0406715707189,-0.00145394774862,10.9971023574,6.26710060637,0.0328696683218,0.0,-0.158255068442,-0.0399004521153,2.33737127518,-0.0326899388298,0.0434351839691,0.0,460.4445132728861,461.2376037937558,460.0772966631691,459.40042342177003
1.0200000000000005,-0.0508981604041,-0.00420808258493,11.1415800347,6.26516279058,0.0358463130276,0.0,-0.182925737648,-0.0521095809141,2.47824010253,-0.0315224221282,0.0597421746561,0.0,455.5801081328779,456.8834850294517,453.78672796337844,453.88006990421195
1.0800000000000005,-0.0625012735428,-0.0076500197617,11.2897791627,6.26327658967,0.0396612252647,0.0,-0.204160822611,-0.0627821608867,2.4617489363,-0.0312657831621,0.0703246545812,0.0,404.3348341186056,405.2904301495025,404.5639217393106,404.58657345490553
1.1400000000000006,-0.0755592308112,-0.0118206978517,11.439766918,6.26164007341,0.0444953094385,0.0,-0.231548981286,-0.0764085327493,2.53765093175,-0.0202978419243,0.095685001924,0.0,433.58016137829287,435.7106858861689,435.56442547251976,436.4804880898463
1.2000000000000006,-0.090498898633,-0.0169047963776,11.5973070096,6.26014483478,0.0503602123914,0.0,-0.267079085826,-0.0932030641135,2.71324514114,-0.0362982879756,0.101582281535,0.0,466.0278936837597,466.4962909782227,467.54372727572866,466.2953766186705
1.2600000000000007,-0.107563023572,-0.0229693834086,11.7625948451,6.25811855131,0.0561876345077,0.0,-0.302310088814,-0.109152976228,2.79610648814,-0.0291450120725,0.086257256833,0.0,439.4159634027464,438.15182053974075,438.8033980712139,439.3963278018179
1.3200000000000007,-0.127001141072,-0.0300944071382,11.9353972998,6.2567992217,0.0612730365487,0.0,-0.346178431115,-0.128504759934,2.9635088863,-0.0105570649699,0.0815749472908,0.0,464.930038282517,464.56858569969484,465.6480181984286,467.09980198938206
1.3800000000000008,-0.149157878598,-0.0383940366196,12.1177797913,6.25573813945,0.0664978384307,0.0,-0.392912111807,-0.14822374669,3.115456359,-0.0383975970169,0.0962812749577,0.0,461.9092686782834,463.0734455412429,462.34582004235614,460.1471037131162
1.4400000000000008,-0.174070213132,-0.0478379109263,12.3067867697,6.25345688601,0.0722704122996,0.0,-0.438049584502,-0.16678882318,3.18452752699,-0.0372781064958,0.096065867068,0.0,437.23790092875436,437.22801810469724,436.8291224724717,436.9217447966433
1.5000000000000009,-0.201945415229,-0.058497399161,12.501839464,6.2516367606,0.0777996406605,0.0,-0.491701625125,-0.188728202285,3.31678524013,-0.0191813718074,0.0828891497554,0.0,457.8574451534221,456.8147224233217,456.6657451977732,458.1066833889566
1.560000000000001,-0.233393991588,-0.0706041305941,12.7078225415,6.25015666409,0.0827982966823,0.0,-0.557136524946,-0.214961602634,3.54855055833,-0.0388710857336,0.0841409076635,0.0,486.9277445896446,487.0263748047226,489.2575996423633,487.78932349510546
1.620000000000001,-0.268761903491,-0.0842743819772,12.9261428901,6.24759276122,0.0875755818851,0.0,-0.622308593738,-0.240969130404,3.7281422588,-0.0518554261603,0.0685677021527,0.0,474.47807913570216,473.2855199897933,474.7973894649388,473.7992184929352
1.680000000000001,-0.308229956722,-0.0996010386811,13.1561602408,6.24433377666,0.0912762604713,0.0,-0.6937019854,-0.270267741602,3.93831465708,-0.0597565737708,0.0420433383403,0.0,485.26765613328956,483.2746562075654,484.72487526274585,484.12900182890763
1.740000000000001,-0.352027354582,-0.116749731249,13.3983754912,6.24040352873,0.0938328991253,0.0,-0.76644590709,-0.301758370585,4.13475706695,-0.0806195547946,0.0437214741189,0.0,481.15599660701156,481.28387439646735,483.3988492683379,481.82108373559146
1.8000000000000012,-0.399593706422,-0.135582137171,13.6454207095,6.23515841576,0.0965671127195,0.0,-0.81933553588,-0.326401209685,4.10014091633,-0.106651401111,0.0490316274492,0.0,409.8147245575295,410.28789861742285,412.74278877916186,410.4312272886536
1.8600000000000012,-0.45046059791,-0.156024807317,13.8911923125,6.22889198162,0.0996542188897,0.0,-0.87649475076,-0.355564201928,4.09218768986,-0.100353023802,0.055897532198,0.0,420.2308481483847,420.8274960285157,418.67684548493986,419.2142687174061
1.9200000000000013,-0.505188482348,-0.178531413466,14.1401956569,6.22256558194,0.102769989666,0.0,-0.948069211664,-0.395269210382,4.20738942961,-0.118282685105,0.042501202844,0.0,459.61673702873685,458.55532122658497,460.23669504258856,458.8057526484006
1.9800000000000013,-0.56413093477,-0.203471333214,14.3947031845,6.21552930093,0.105275688214,0.0,-1.01690490039,-0.436728932678,4.27582387102,-0.115323531181,0.0402403458753,0.0,446.38538685441983,446.20176279089014,445.3460602400888,445.5757594319248
2.0400000000000014,-0.62745590161,-0.231167342771,14.6551936119,6.20848001357,0.107612159008,0.0,-1.0941340931,-0.487175121025,4.40655677273,-0.122207888635,0.0362080236915,0.0,465.8839131036271,465.5691708642655,466.3892367802077,465.8394657946095
2.1000000000000014,-0.695220585838,-0.26187061401,14.9212404786,6.20110522208,0.110381938053,0.0,-1.16491337319,-0.536945826173,4.46131969602,-0.124360989499,0.0609617018586,0.0,443.01613967084387,445.048242887173,443.4339415299873,443.24328365056414
2.1600000000000015,-0.767481988056,-0.295844012023,15.192245147,6.1933841177,0.11369044137,0.0,-1.24412186326,-0.596239058489,4.57155094969,-0.139143957347,0.0397619457745,0.0,463.06367033265445,461.39464777605815,461.8893327292291,460.7072154275778
2.2200000000000015,-0.844168794698,-0.333223864548,15.4663961387,6.18544000356,0.117399768673,0.0,-1.31239549417,-0.650451783663,4.5666673021,-0.121519270878,0.0871869338041,0.0,423.92091122469327,427.9796116097078,426.15725739668346,427.64417116438943
2.2800000000000016,-0.925137337159,-0.374082776297,15.7411452434,6.177807203,0.123192502522,0.0,-1.38705445681,-0.712163660926,4.59131955849,-0.142125494886,0.110659619742,0.0,436.0186200660928,437.9833536341048,436.8509178093003,435.1135720685966
2.3400000000000016,-1.01100627891,-0.419049435182,16.0197849641,6.16968507415,0.129709657975,0.0,-1.47586853805,-0.787511304169,4.69595042228,-0.12446711697,0.104193910456,0.0,463.826222174217,463.327940573398,460.6477488890198,462.0257657108278
2.4000000000000017,-1.10200956623,-0.468410244591,16.3021554582,6.16295462766,0.136265255711,0.0,-1.55814657173,-0.858454093034,4.71604968866,-0.0948943347443,0.117833718557,0.0,436.88024796193724,438.02683408091576,435.8674292563514,438.3202984391735
2.4600000000000017,-1.19810534763,-0.522169101049,16.5859124097,6.15799625389,0.143448379519,0.0,-1.64568356474,-0.933951375298,4.7421270186,-0.065394909642,0.123241537013,0.0,439.4537807173661,439.91493074601914,439.0636304446444,441.4985316827927
2.520000000000002,-1.30013171278,-0.581008240559,16.8748800139,6.15412371432,0.150438880158,0.0,-1.75589342043,-1.02767055706,4.88916554818,-0.0628902342308,0.0975627964416,0.0,478.7267166786362,476.77935404990285,478.90373933530867,479.09150898134703
2.580000000000002,-1.40931328342,-0.645884191117,17.1751640902,6.15021505348,0.155920154878,0.0,-1.88402768642,-1.1351630728,5.11892597495,-0.0700811922726,0.0745266913761,0.0,504.4073770230831,502.7465905116326,505.3061595970254,504.78485867687306
2.640000000000002,-1.52501356556,-0.716205635383,17.4810210537,6.14672331308,0.160546921202,0.0,-1.97305717703,-1.20920019188,5.0762524463,-0.0413244761159,0.0818367267616,0.0,423.1016485834342,423.73566788539637,421.43823442490657,423.9141186327382
2.700000000000002,-1.64650625065,-0.791329449635,17.7865273483,6.14472684906,0.165754970209,0.0,-2.07714882622,-1.29508999853,5.10687275078,-0.0207163093799,0.0952284761373,0.0,446.51409313149975,447.6115500382582,446.7177204518904,448.3947889571306
2.760000000000002,-1.77477961977,-0.871992854307,18.0963704081,6.14346950822,0.171414435401,0.0,-2.19913557135,-1.39372196618,5.22037713159,-0.0214387297311,0.0924535112087,0.0,474.3972715215802,474.1910436662491,473.7681644100741,473.7126466671611
2.820000000000002,-1.91005234189,-0.95824412222,18.4104599089,6.14213107042,0.176878907819,0.0,-2.3104417679,-1.48140115794,5.24883197806,-0.024103416376,0.0881654167455,0.0,449.82648645235895,449.48589129941723,449.10440703916885,448.8881651404821
2.880000000000002,-2.05199843433,-1.04969368929,18.7256052368,6.14035034099,0.181701319888,0.0,-2.42155151103,-1.567034155,5.25567066197,-0.0441892140156,0.056386717342,0.0,444.7699898268833,442.1640405849141,443.9843678416793,442.33268652504177
2.940000000000002,-2.20053114712,-1.14618745563,19.0402299168,6.13828410177,0.184951563652,0.0,-2.52985622596,-1.64962229371,5.23165332388,-0.0198669995894,0.0493250220906,0.0,434.75094492442565,434.1607541738858,432.33510123434496,434.3793001486597
3.000000000000002,-2.35572059002,-1.2477430288,19.3538889486,6.13699750849,0.18800691775,0.0,-2.64341328297,-1.73566710968,5.22341468018,-0.0247979617359,0.0539391362669,0.0,439.4218843399076,439.8059663054867,439.51149196474853,439.10253123694037
3.0600000000000023,-2.51753445768,-1.35429333676,19.6657139586,6.13575522144,0.191358953168,0.0,-2.75071844065,-1.81614851484,5.17073204998,-0.01356975439,0.059467327683,0.0,424.6527689340072,425.1290760752895,424.9487402769335,425.91031620300174
3.1200000000000023,-2.68656382934,-1.46623191082,19.9779703189,6.13489601667,0.19511027077,0.0,-2.88390712322,-1.91515877838,5.23715823601,-0.015864568063,0.0680191604558,0.0,462.90891915343593,463.58413274327813,464.6839689869399,464.5041304906187
3.1800000000000024,-2.86426357217,-1.58457231471,20.2971273648,6.13353990171,0.199736331968,0.0,-3.03975731792,-2.02950088921,5.40018117729,-0.0415893044758,0.0908950964308,0.0,493.2749445535329,494.96555738906903,495.6926498144638,493.7982303109313
3.2400000000000024,-3.05005039066,-1.70879431736,20.6192913221,6.13105343072,0.205231448408,0.0,-3.15364571052,-2.11145718457,5.33853728702,-0.0411466553158,0.0929301339305,0.0,426.17393890263764,426.35532490307554,426.5819762918762,426.61879179742414
3.3000000000000025,-3.24296409669,-1.83811583504,20.9386332609,6.12926940215,0.211217298174,0.0,-3.27734035315,-2.19943600562,5.30593163575,-0.0133503047799,0.110770512761,0.0,436.1413314913062,437.63776088356576,434.7461571828405,437.06903170477096
3.3600000000000025,-3.44445881421,-1.97348720401,21.2607588051,6.12858249917,0.217886368822,0.0,-3.4397174713,-2.31289095328,5.43041403464,-0.00789275505386,0.111901182443,0.0,486.286646546437,486.3811236644489,486.3504031538687,486.759202012231
3.4200000000000026,-3.65405516979,-2.11443849767,21.5823261724,6.12802822954,0.224404403429,0.0,-3.5474534425,-2.38562586988,5.28882647131,-0.0120736525858,0.101140775329,0.0,402.2358547625943,401.2716525620652,402.0460686131051,401.6670957211926
3.4800000000000026,-3.87144368854,-2.26059437688,21.9006432851,6.12688214939,0.231058271093,0.0,-3.69939328372,-2.48626748691,5.32105176231,-0.0393592057514,0.125466440925,0.0,458.4252678709751,460.3646737804995,461.50555270810804,459.3463573755306
3.5400000000000027,-4.09889390476,-2.41334750709,22.2241819148,6.12418285347,0.238996233097,0.0,-3.88292833044,-2.60560343261,5.46210910624,-0.0596850091274,0.143301687155,0.0,493.73937879304805,495.0676629732196,495.84871160998034,494.3519225041002
3.6000000000000028,-4.33725784042,-2.57313564172,22.5549300059,6.12050729343,0.248532759658,0.0,-4.06330632507,-2.72088123322,5.56146776128,-0.0646085267982,0.179358144678,0.0,484.2854440596911,487.01114408025234,485.1789706706694,484.80675481579226
3.660000000000003,-4.58580228112,-2.73936868922,22.8882346386,6.11725617703,0.259300808026,0.0,-4.22240256931,-2.82046044952,5.54792707408,-0.0388674102184,0.179684911331,0.0,452.6361981423087,452.6929651119407,452.0839539999153,454.15171581960135
3.720000000000003,-4.84401070562,-2.9115774469,23.2203421416,6.11537876452,0.269651127611,0.0,-4.38542861458,-2.91996301019,5.52163646411,-0.0193218862115,0.151599619832,0.0,451.51056240652576,449.26593800629473,449.57729096793673,451.1581763413858
3.780000000000003,-5.1115074459,-3.08937882508,23.5483863666,6.11393652102,0.279028593904,0.0,-4.53193832366,-3.00689921865,5.41304307417,-0.0357032223447,0.164315596299,0.0,423.81036030098363,424.92642778804554,424.34165989083937,422.9325474954392
3.840000000000003,-5.38756318903,-3.27219739861,23.8685216969,6.11200839447,0.288704195117,0.0,-4.67077510128,-3.08728278503,5.25822840607,-0.0258158646277,0.154326287227,0.0,407.5008526097136,406.6339377811557,408.3027995311842,409.1837144882533
3.900000000000003,-5.67259053656,-3.46015141875,24.1809354031,6.11000029338,0.297731591989,0.0,-4.83094347095,-3.17801930463,5.15530772244,-0.0567353698767,0.141317932424,0.0,427.21458858112686,426.1258890707976,427.1087708700261,424.46208520787775
3.960000000000003,-5.96854369713,-3.65424043627,24.4908086468,6.10658771652,0.306294193848,0.0,-5.03485249252,-3.29182066609,5.17270669377,-0.0571594866038,0.145355233735,0.0,467.2540974375701,467.58668078032684,466.79592360545126,466.76077431418804
4.020000000000002,-6.27607600676,-3.85475736242,24.799038,6.10342550013,0.315193448893,0.0,-5.21698717919,-3.39232293763,5.10103043688,-0.0450224807635,0.15366942985,0.0,440.25139718479295,440.959754036755,439.136908895076,440.14091433637617
4.080000000000001,-6.59506950815,-4.0615562277,25.1039770975,6.10051230487,0.324376981536,0.0,-5.41689557603,-3.50115114221,5.06275502364,-0.0567602603134,0.151810551008,0.0,453.62974814932204,453.50199674539823,452.34093301350083,451.3930092624375
4.14,-6.92698751827,-4.27534264807,25.4087012628,6.09666308301,0.333237870936,0.0,-5.64772454965,-3.62524240371,5.09332687958,-0.0861086161788,0.137798575479,0.0,477.3613399272966,476.3093518907076,478.2636282189586,476.0194857901141
4.199999999999998,-7.27137853212,-4.49581216675,25.7107105136,6.09162910404,0.342044836491,0.0,-5.83275010044,-3.7241217908,4.9732009984,-0.0798145968718,0.160455227856,0.0,429.1120539256835,431.0521621126754,429.158402921565,429.68642738489365
4.259999999999997,-7.62675057474,-4.72213796697,26.0046414089,6.08693498543,0.351501387815,0.0,-6.01383851009,-3.82043487725,4.82415665013,-0.075252057988,0.151213448299,0.0,420.732298554272,419.95618865732166,420.60183700899177,420.9916580292839
4.319999999999996,-7.99353165567,-4.95451302634,26.2905506092,6.08211030821,0.360325452294,0.0,-6.21299383739,-3.92573804555,4.70556639642,-0.0934955985299,0.137136353869,0.0,433.85642656949557,432.6932931783201,432.1585828767878,430.6120174096629
4.379999999999995,-8.37189983183,-5.19300367609,26.5678773804,6.07646954511,0.368953807419,0.0,-6.4000978796,-4.02437388398,4.53834721425,-0.0950667442703,0.154592067204,0.0,415.50749158048257,417.05603983094676,416.173655174684,416.0279210875684
4.439999999999993,-8.76461559105,-5.43906432874,26.8425327243,6.07039505349,0.378670599301,0.0,-6.69102010386,-4.17791883096,4.61465545609,-0.117937683545,0.173621024203,0.0,498.15462544763824,499.56600651904273,500.26845262497926,498.5920042190888
4.499999999999992,-9.17285790727,-5.69330881209,27.1163041279,6.06336589285,0.388770809698,0.0,-6.91786692874,-4.29732995982,4.51000794634,-0.115628563307,0.154849592634,0.0,445.2079452143007,443.69580393512723,444.6353299404168,444.81222966007044
4.559999999999991,-9.59515780939,-5.95495792379,27.3842662811,6.05669748988,0.397647013264,0.0,-7.15951652651,-4.42471416934,4.42088194867,-0.103413708526,0.128225310012,0.0,453.966606770329,451.8441530063278,451.4471442563105,452.4211688698259
4.6199999999999894,-10.032526159,-6.22455895573,27.6476381791,6.05122652242,0.405798154041,0.0,-7.42004140704,-4.56230994214,4.35682977556,-0.0739632125515,0.147874509899,0.0,462.9789981024753,464.53879414350143,462.3827203832609,464.6906764872013
4.679999999999988,-10.4867016498,-6.5030310456,27.9092496798,6.04645696797,0.414296842604,0.0,-7.71967145557,-4.72023364786,4.36157975086,-0.0938332720315,0.124745018618,0.0,490.6415611219454,488.93718300160623,489.9001108762046,488.41539582329506
4.739999999999987,-10.956465434,-6.78968593319,28.1652672688,6.04075587042,0.422204907335,0.0,-7.93994180453,-4.83534026628,4.1717867073,-0.0974984308388,0.143094249429,0.0,425.18964534912936,426.77584513507674,427.6225816717625,427.30206703537294
4.799999999999986,-11.4393618136,-7.08319498605,28.4092337642,6.03482059856,0.430627059675,0.0,-8.15748885116,-4.94871943188,3.95990984678,-0.101927892025,0.13427825212,0.0,421.00360429693495,420.259332318879,419.4906496325846,419.0966269875666
4.859999999999984,-11.9367698372,-7.38427895639,28.6430693658,6.02896085042,0.439152229507,0.0,-8.42347608852,-5.08774438706,3.83333822983,-0.0902701955916,0.154334372883,0.0,451.21555714047645,452.8504480168411,452.77477293991217,453.70396283680924
4.919999999999983,-12.4499531567,-7.69359106264,28.8683722621,6.02325315568,0.448291482332,0.0,-8.68342177589,-5.22297243889,3.67559027544,-0.107233750583,0.147960740022,0.0,444.75413514819036,444.2534713637168,445.43105757444795,444.03328531191244
4.979999999999982,-12.9799778663,-8.01166421333,29.0861432621,6.01735559142,0.457602272968,0.0,-8.9846862183,-5.37971582016,3.58162894723,-0.0846665967626,0.166681530245,0.0,469.4605188608505,470.9323669555861,469.12921442231516,470.870810257236
5.0399999999999805,-13.5284401625,-8.33930903712,29.2983589892,6.0122071326,0.467639675376,0.0,-9.298020346,-5.54192004984,3.49023920181,-0.0881917348692,0.168478481653,0.0,475.377310478594,475.5397839969452,475.2271536423295,474.9512347632821
